[gd_scene load_steps=5 format=3 uid="uid://c7nxc2677ah6r"]

[ext_resource type="Material" uid="uid://kcecdfgi2es4" path="res://Environment/Bark.tres" id="1_ohfh4"]
[ext_resource type="PackedScene" uid="uid://q57agwimc54d" path="res://Environment/TreeBranch.tscn" id="1_omypq"]

[sub_resource type="CylinderShape3D" id="CylinderShape3D_fdg1f"]
height = 5.0
radius = 0.3

[sub_resource type="CylinderMesh" id="CylinderMesh_iy3wx"]
material = ExtResource("1_ohfh4")
top_radius = 0.1
bottom_radius = 0.3
height = 5.0

[node name="Tree" type="AnimatableBody3D"]

[node name="Branch" type="Marker3D" parent="."]
transform = Transform3D(-1, 3.48787e-16, -8.74228e-08, 3.48787e-16, 1, -3.48787e-16, 8.74228e-08, -3.48787e-16, -1, 0, 4.12233, 0)

[node name="TreeBranch" parent="Branch" instance=ExtResource("1_omypq")]

[node name="TrunkCollision" type="CollisionShape3D" parent="."]
transform = Transform3D(1, 0, 0, 0, 1, 0, 0, 0, 1, 2.08165e-12, 2.5, 2.08165e-12)
shape = SubResource("CylinderShape3D_fdg1f")

[node name="TrunkMesh" type="MeshInstance3D" parent="."]
transform = Transform3D(1, 0, 0, 0, 1, 0, 0, 0, 1, 2.08165e-12, 2.5, 2.08165e-12)
mesh = SubResource("CylinderMesh_iy3wx")

[node name="Branch2" type="Marker3D" parent="."]
transform = Transform3D(1, 0, 0, 0, 1, 0, 0, 0, 1, 0, 3.88458, 0)

[node name="TreeBranch" parent="Branch2" instance=ExtResource("1_omypq")]

[node name="Branch3" type="Marker3D" parent="."]
transform = Transform3D(0.111243, 3.07822e-16, 0.993793, 3.48787e-16, 1, -3.48787e-16, -0.993793, 3.85422e-16, 0.111243, 0, 4.38965, 0)

[node name="TreeBranch" parent="Branch3" instance=ExtResource("1_omypq")]

[node name="Branch4" type="Marker3D" parent="."]
transform = Transform3D(-0.557107, -9.53349e-17, -0.83044, 3.48787e-16, 1, -3.48787e-16, 0.83044, -4.83958e-16, -0.557107, 0, 4.69255, 0)

[node name="TreeBranch" parent="Branch4" instance=ExtResource("1_omypq")]

[node name="Branch5" type="Marker3D" parent="."]
transform = Transform3D(0.932273, -1.98989e-16, 0.361755, 3.48787e-16, 1, -3.48787e-16, -0.361755, 4.5134e-16, 0.932273, 0, 4.88706, 0)

[node name="TreeBranch" parent="Branch5" instance=ExtResource("1_omypq")]
